servo_mass=56.932e-3;
servo_com=[2.052E-09 , 19.809 , -0.279]*1e-3;
servo_moi=MoI([1.543E+04
	-9.343E-07
	 -2.778E-06
	 -9.343E-07
	 9984.889
	 129.706
	 -2.778E-06
	 129.706
	9154.499]*1e-9);
servo_poi=PoI([1.543E+04
	-9.343E-07
	 -2.778E-06
	 -9.343E-07
	 9984.889
	 129.706
	 -2.778E-06
	 129.706
	9154.499]*1e-9);


% ll1 7 spine_hip quarter barrel dad v2
m_ll1=13.106e-3;
com_ll1=[12.8235 , 102.9 , 44.7919]*1e-3;
com_ll1rl=[12.8235 , 102.9 , -44.7919]*1e-3;

moi_ll1=[2067.668
	-563.748
	 394.743
	-563.748
	 2624.816
	-125.952
	394.743
	 -125.952
	2533.103]*1e-9;
moi_ll1rl=[2067.668
	2533.103
	 2624.816
	 2533.103
	2624.816
	 2067.668
	 2624.816
	 2067.668
	 2533.103]*1e-9;

% ll2 5 spine_hip mechanism face part v2
m_ll2=11.53e-3;
com_ll2=[-8.37145 , 92.2218 , 51.2849 ]*1e-3;
com_ll2rl=[-8.37145 , 92.2218 , -51.2849 ]*1e-3;
moi_ll2=[3083.915 %g*mm^2
	1331.508
	-736.475
	1331.508
	3246.365
	890.408
	-736.475
	890.408
	4405.835]*1e-9;
moi_ll2rl=[3083.915
	 4405.835
	 3246.365
	 4405.835
	 3246.365
	 3083.915
	 3246.365
	 3083.915
	 4405.835]*1e-9;

% ll3 6 spine_hip mechanism back part v3
m_ll3=8.925 * 1e-3;
com_ll3=[18.2305 , 89.1741 , 36.4964] * 1e-3;
com_ll3rl=[18.2305 , 89.1741 , -36.4964]*1e-3;
moi_ll3=[2497.175
	-998.328
	 269.766
	 -998.328
	 1831.849
	 179.162
	 269.766
	 179.162
	 3522.847]*1e-9;
 moi_ll3rl=[2497.175
	 3522.847
	 1831.849
	 3522.847
	 1831.849
	 2497.175
	 1831.849
	 2497.175
	 3522.847]*1e-9;
 
% ll4 8 spine_hip quarter barrel mom v3
m_ll4=17.044 * 1e-3;
com_ll4=[6.34183 , 69.4193 , 48.804] * 1e-3;
com_ll4rl=[6.34183 , 69.4193 , -48.804] * 1e-3;
moi_ll4=[1.148E+04
	-0.875
	 2.36
	 -0.875
	 2601.737
	 -978.26
	 2.36
	 -978.26
	 1.274E+04]*1e-9;
 moi_ll4rl=[1.148E+04
	 1.274E+04
	 2601.735
	1.274E+04
	 2601.735
	 1.148E+04
	 2601.735
	 1.148E+04
	 1.274E+04]*1e-9;

 
 
% ll5 9 spine_hip bearing holder v3
m_ll5=13.057 * 1e-3;
com_ll5=[6.25602 , 76.6781 , 82.54] * 1e-3;
com_ll5rl=[6.25602 , 76.6781 , -82.54] * 1e-3;
moi_ll5=[9753.182
	0.00
	 -6.689E-10
	 0.00
	 6379.515
	3363.741
	 -6.689E-10
	 3363.741
	 5224.833]*1e-9;
 moi_ll5rl=[9753.182
	5224.833
	 6379.515
	 5224.833
	 6379.515
	 9753.182
	 6379.515
	 9753.182
	 5224.833]*1e-9;
 
%ll6 10 spine_two servo clamping face v3
m_ll6=5.311 * 1e-3;
com_ll6=[-28.744, 20.3378, 71.0783] * 1e-3;
com_ll6rl=[-28.744, 20.3378, -71.0783] * 1e-3;
moi_ll6=[1161.983
	0.00
	 -1.416E-10
	 0.00
	 168.002
	 148.991
	 -1.416E-10
	 148.991
	 1073.719]*1e-9;
 moi_ll6rl=[1161.983
	 1073.719
	 168.002
	 1073.719
	168.002
	 1161.983
	 168.002
	 1161.983
	 1073.719]*1e-9;
%ll7 11 spine_two servo clamping back v3
m_ll7=6.142 * 1e-3;
com_ll7=[20.756 , 20.4369 , 72.5175] * 1e-3;
com_ll7rl=[20.756 , 20.4369 , -72.5175] * 1e-3;

moi_ll7=[1256.78
	 0.00
	 -1.402E-10
	 0.00
	 246.69
	 145.846
	 -1.402E-10
	 145.846
	 1101.583]*1e-9;
 moi_ll7rl=[1256.78
	 1101.583
	 246.69
	 1101.583
	 246.69
	 1256.78
	 246.69
	 1256.78
	 1101.583]*1e-9;
%ll8 12 spine_hip to servo bearing holder v3
m_ll8=9.403 * 1e-3;
com_ll8=[-5.57899 , 38.126 , 93.4257] * 1e-3;
com_ll8rl=[-5.57899 , 38.126 , -93.4257] * 1e-3;

moi_ll8=[993.715
	0.00
	-15.019
	0.00
	2537.017
	0.00
	-15.019
	0.00
	3240.222]*1e-9;
moi_ll8rl=[993.715
	 3240.222
	 2537.017
	 3240.222
	 2537.017
	 993.715
	 2537.017
	 993.715
	 3240.222]*1e-9;
%ll9 compositionjk_LL1_new v3
m_ll9=12.417 * 1e-3;
com_ll9=[8.36851e-11 , 2.14483, 0.237742] * 1e-3;
com_ll9rl=[8.36851e-11 , 2.14483 , -0.237742] * 1e-3;

moi_ll9=[2048.29
	 1520.498
	3201.688
	 1520.498
	 3201.688
	 2048.29
	 3201.688
	 2048.29
	 1520.498]*1e-9;
 moi_ll9rl=[2048.29
	 1520.498
	 3201.688
	 1520.498
	 3201.688
	 2048.29
	 3201.688
	 2048.29
	 1520.498]*1e-9;
%ll10 compositionjk_LL2 v2
m_ll10=4.58 * 1e-3;
com_ll10=[-4.14522 , -23.6607 , 63.4562] * 1e-3;
com_ll10rl=[-4.14522 , -23.6607 , -63.4562] * 1e-3;
moi_ll10=[1092.10
	 383.981
	 863.932
	 383.981
	 863.932
	 1092.10
	 863.932
	 1092.10
	 383.981]*1e-9;
moi_ll10rl=[1092.10
	 383.981
	 863.932
	 383.981
	 863.932
	 1092.10
	 863.932
	 1092.10
	 383.981]*1e-9;
 
%ll11 compositionjk_LL3 v4
m_ll11=6.172 * 1e-3;
com_ll11=[-9.07277 , -82.3368 , 58.0573] * 1e-3;
com_ll11rl=[-9.07277 , -82.3368 , -58.0573 ] * 1e-3;
moi_ll11=[1426.607
	 1138.949
	 1417.732
	 1138.949
	1417.732
	 1426.607
	 1417.732
	 1426.607
	 1138.949]*1e-9;
 moi_ll11rl=[1426.607
	 1138.949
	 1417.732
	 1138.949
	 1417.732
	 1426.607
	 1417.732
	 1426.607
	 1138.949]*1e-9;
%ll12 compositionjk_LL4 v4
m_ll12=9.56 * 1e-3;
com_ll12=[-1.86876 , -61.8416 , 56.4157] * 1e-3;
com_ll12rl=[-1.86876 , -61.8416 , -56.4157] * 1e-3;

moi_ll12=[3488.03
	 5292.213
	 1969.207
	 5292.213
	 1969.207
	 3488.03
	1969.207
	 3488.03
	 5292.213]*1e-9;
 moi_ll12rl=[3488.03
	 5292.213
	 1969.207
	 5292.213
	 1969.207
	 3488.03
	 1969.207
	 3488.03
	 5292.213]*1e-9;
 
 %ll13 compositionjk_LL5
m_ll13=8.249 * 1e-3;
com_ll13=[-0.912331 , -118.261 , 92.3065] * 1e-3;
com_ll13rl=[-0.912331 , -118.261 , -92.3065] * 1e-3;

moi_ll13=[6377.723
	 5866.651
	 1254.891
	 5866.651
	 1254.891
	 6377.723
	 1254.891
	 6377.723
	 5866.651]*1e-9;
moi_ll13rl=moi_ll13; 
 
  %ll14 compositionjk_LL6
m_ll14=3.48 * 1e-3;
com_ll14=[-8.81071 , -90.0905 , 57.4359] * 1e-3;
com_ll14rl=[-8.81071 , -90.0905 , -57.4359] * 1e-3;

moi_ll14=[589.76
	 443.823
	 670.665
	 443.823
	 670.665
	 589.76
	 670.665
	 589.76
	 443.823]*1e-9;
 moi_ll14rl=moi_ll14;
 
 %ll15 compositionjk_LL11
m_ll15=11.519 * 1e-3;
com_ll15=[9.33291 , -148.585 , 75.7952] * 1e-3;
com_ll15rl=[9.33291 , -148.585 , -75.7952] * 1e-3;
moi_ll15=[1705.936
	 2355.929
	 1952.287
	 2355.929
	 1952.287
	 1705.936
	 1952.287
	 1705.936
	 2355.929]*1e-9;
 moi_ll15rl=moi_ll15;
 
  
 %ll16 compositionjk_LL7
m_ll16=6.167 * 1e-3;
com_ll16=[-28.6582 , -134.431 , 75.9145] * 1e-3;
com_ll16rl=[-28.6582 , -134.431 , -75.9145] * 1e-3;

moi_ll16=[2151.309
	 293.118
	 1888.62
	 293.118
	 1888.62
	 2151.309
	 1888.62
	 2151.309
	 293.118]*1e-9;
 moi_ll16rl=moi_ll16;
 
  %ll17 compositionjk_LL8
m_ll17=4.523 * 1e-3;
com_ll17=[-40.4734 , -142.857 , 108.664] * 1e-3;
com_ll17rl=[-40.4734 , -142.857 , -108.664] * 1e-3;

moi_ll17=[953.485
	 571.698
	 825.02
	 571.698
	 825.02
	 953.485
	 825.02
	 953.485
	 571.698]*1e-9;
 moi_ll17rl=moi_ll17;
 
   %ll18 compositionjk_LL9
m_ll18=3.546 * 1e-3;
com_ll18rl=[-41.2972 , -142.066 , 46.3203] * 1e-3;
com_ll18=[-41.2972 , -142.066 , -46.3203] * 1e-3;

moi_ll18=[562.943
	 510.612
	 455.908
	 510.612
	 455.908
	 562.943
	 455.908
	 562.943
	 510.612]*1e-9;
moi_ll18rl=moi_ll18;
 
    %ll19 compositionjk_LL10
m_ll19=4.846 * 1e-3;
com_ll19=[37.328 , -142.63 , 77.2553] * 1e-3;
com_ll19rl=[37.328 , -142.63 , -77.2553] * 1e-3;
moi_ll19=[3191.248
	 572.921
	 3173.222
	 572.921
	 3173.222
	 3191.248
	 3173.222
	 3191.248
	 572.921]*1e-9;
moi_ll19rl=moi_ll19; 
 
     %ll20 compositionjk_LL12
m_ll20=3.452 * 1e-3;
com_ll20=[-48.0481 , -157.351 , 121.009] * 1e-3;
com_ll20rl=[-48.0481 , -157.351 , -121.009] * 1e-3;

moi_ll20=[244.221
	 564.181
	 749.036
	 564.181
	 749.036
	 244.221
	 749.036
	 244.221
	 564.181]*1e-9;
 moi_ll20rl=moi_ll20;
 
  %ll21 compositionjk_LL13
m_ll21=3.044 * 1e-3;
com_ll21=[-49.2005 , -156.617 , 40.4787] * 1e-3;
com_ll21rl=[-49.2005 , -156.617 , -40.4787] * 1e-3;

moi_ll21=[140.841
	401.517
	 485.555
	 401.517
	 485.555
	 140.841
	 485.555
	 140.841
	 401.517]*1e-9;
 moi_ll21rl=moi_ll21;
 
  %ll22 compositionjk_LL14
m_ll22=3.651 * 1e-3;
com_ll22=[48.9083 , -156.789 , 114.849] * 1e-3;
com_ll22rl=[48.9083 , -156.789 , -114.849] * 1e-3;

