
global link0 link1 link2 link3 link4 link5 link6 rlink0 rlink1 rlink2 rlink3 rlink4 rlink5 zero_rotation zero_translation

zero_rotation=[1 0 0;0 1 0;0 0 1];
zero_translation=[0;0;0];


link0=[1.0000         0         0    0.03891
         0    0.0000   -1.0000         0
         0    1.0000    0.0000   -0.03182
         0         0         0    1.0000];
link1=[ -0.0000    0.0000   -1.0000    0.01001
   -1.0000   -0.0000    0.0000   -0.07564
         0    1.0000    0.0000         0
         0         0         0    1.0000];
link2=[ 0.0000         0    1.0000    0.0555
         0    1.0000         0        0.001
   -1.0000         0    0.0000   -0.0267
         0         0         0    1.0000];
link3=[0.0000         0    1.0000   -0.0000
         0    1.0000         0    0.0140
   -1.0000         0    0.0000    0.0295
         0         0         0    1.0000];
link4=[1.0000         0         0   -0.03831
         0    1.0000         0   -0.01454
         0         0    1.0000         0
         0         0         0    1.0000];
link5=[1.0000         0         0   -0.05207
         0    0.0000   -1.0000    0.00628
         0    1.0000    0.0000         0
         0         0         0    1.0000];
link6=[zero_rotation,[-28.16 0 0]'*0.001;0 0 0 1];

EF=link0*link1*link2*link3*link4*link5*link6;

rlink0=[1.0000         0         0    -0.03891
         0    0.0000   -1.0000         0
         0    1.0000    0.0000   -0.03182
         0         0         0    1.0000];
     
rlink1=[ -0.0000    0.0000   1.0000    -0.01001
   0.0000   1.0000    0.0000   -0.07564
         -1    0.0000    0.0000         0
         0         0         0    1.0000];

rlink2=[ 1.0000         0    0.0000    0
         0    0.0000         -1        -0.0555
   0.0000         1    0.0000   -0.0267
         0         0         0    1.0000];
     
rlink3=[1.0000         0    0.0000   -0.014
         0    0.0000         -1    0
   0.0000         1    0.0000    0.0295
         0         0         0    1.0000];
     
rlink4=[1.0000         0         0   0.0145
         0    1.0000         0   0.0383
         0         0    1.0000         0
         0         0         0    1.0000];
rlink5=[0.0000         0         1   -0.0063
         0    1.0000   0.0000    0.0521
         -1    0.0000    0.0000         0
         0         0         0    1.0000];
% rlink6=[zero_rotation,[-28.16 0 0]'*0.001;0 0 0 1];     
 
 